NAME	= DEM [no sinks]
DESCRIPTION	= 
UNIT	= 
DATAFORMAT	= FLOAT
DATAFILE_OFFSET	= 0
BYTEORDER_BIG	= FALSE
TOPTOBOTTOM	= FALSE
POSITION_XMIN	= 963390.8124000001
POSITION_YMIN	= 8058312.3304000003
CELLCOUNT_X	= 558
CELLCOUNT_Y	= 661
CELLSIZE	= 30.0000000000
Z_FACTOR	= 1.000000
Z_OFFSET	= 0.000000
NODATA_VALUE	= -99999.000000
